0
0
0
0
0
0
0
0
0
0
-7.255578
-15.55164
-20.52912
-27.15662
-31.75532
-36.47303
-46.29101
-51.17472
-57.14417
-62.1208
-62.58528
-62.58528
-62.58528
-62.58528
-62.58528
-62.58528
-62.58528
-62.58528
-62.58528
-62.58528
-62.58528
-62.58528
-62.58528
-62.58528
-62.58528
-62.58528
-62.58528
-62.58528
-62.58528
-62.58528
-62.58528
-62.58528
-62.58528
-62.58528
-62.58528
-62.58528
-62.58528
-62.58528
-62.58528
-62.58528
-62.58528
-62.58528
-62.58528
-62.58528
-62.58528
-62.58528
-62.58528
-62.58528
-62.58528
-62.58528
-62.58528
-62.58528
-62.58528
-62.58528
-62.58528
-62.58528
-62.58528
-62.58528
-62.58528
-62.58528
-62.58528
-62.58528
-62.58528
-62.58528
-62.58528
-62.58528
-62.58528
-62.58528
-62.58528
-62.58528
-62.58528
-62.58528
-62.58528
-62.58528
-62.58528
-62.58528
-62.58528
-62.58528
-62.58528
-62.58528
-62.58528
-62.58528
-62.58528
-62.58528
-62.58528
-62.58528
-62.58528
-62.58528
-62.58528
-62.58528
-62.58528
-62.58528
-62.58528
-62.58528
-62.58528
-62.58528
-62.58528
-62.58528
-62.58528
-62.58528
-62.58528
-62.58528
-62.58528
-62.58528
-62.58528
-62.58528
-62.58528
-62.58528
-62.58528
-62.58528
-62.58528
-62.58528
-62.58528
-62.58528
-62.58528
-62.58528
-62.58528
-62.58528
-62.58528
-62.58528
-62.58528
-62.58528
-62.58528
-62.58528
-62.58528
-62.58528
-62.58528
-62.58528
-62.58528
-62.58528
-62.58528
-62.58528
-62.58528
-62.58528
-62.58528
-62.58528
-62.58528
-62.58528
-62.58528
-62.58528
-62.58528
-62.58528
-62.58528
-62.58528
-62.58528
-62.58528
-62.58528
-62.58528
-62.58528
-62.58528
-62.58528
-62.58528
-62.58528
-62.58528
